Braid_Length,Degree,Sign_Assignment_Time,Sign_Assignment_Memory,Computation_Time,Computation_Memory,Knot_Index
3,5,0.10,59.46,0.14,69.81,0
3,6,0.10,59.46,0.16,69.81,0
3,7,0.10,59.46,0.08,69.81,0
3,8,0.10,59.46,0.16,69.82,0
3,9,0.10,59.46,0.10,69.81,0
3,10,0.10,59.46,0.13,69.81,0
3,11,0.10,59.46,0.09,69.81,0
3,12,0.10,59.46,0.14,69.81,0
3,13,0.10,59.46,0.13,69.82,0
3,14,0.10,59.46,0.12,69.81,0
3,15,0.10,59.46,0.12,69.81,0
3,16,0.10,59.46,0.13,69.81,0
3,17,0.10,59.46,0.13,69.81,0
3,18,0.10,59.46,0.07,69.82,0
3,19,0.10,59.46,0.09,69.81,0
3,20,0.10,59.46,0.17,69.81,0
3,21,0.10,59.46,0.14,69.81,0
3,22,0.10,59.46,0.17,69.82,0
3,23,0.10,59.46,0.10,69.81,0
3,24,0.10,59.46,0.08,69.81,0
3,25,0.10,59.46,0.12,69.81,0
3,26,0.10,59.46,0.14,69.81,0
3,27,0.10,59.46,0.30,69.81,0
3,28,0.10,59.46,0.14,69.81,0
3,29,0.10,59.46,0.09,69.81,0
3,30,0.10,59.46,0.13,69.81,0
3,31,0.10,59.46,0.15,69.81,0
3,32,0.10,59.46,0.15,69.81,0
5,5,0.08,59.46,0.10,69.82,0
5,6,0.08,59.46,0.17,69.82,0
5,7,0.08,59.46,0.18,69.82,0
5,8,0.08,59.46,0.17,69.82,0
5,9,0.08,59.46,0.20,69.82,0
5,10,0.08,59.46,0.22,69.82,0
5,11,0.08,59.46,0.28,69.82,0
5,12,0.08,59.46,0.26,69.82,0
5,13,0.08,59.46,0.17,69.82,0
5,14,0.08,59.46,0.31,69.82,0
5,15,0.08,59.46,0.36,69.82,0
5,16,0.08,59.46,0.45,69.82,0
5,17,0.08,59.46,0.29,69.82,0
5,18,0.08,59.46,0.24,69.82,0
5,19,0.08,59.46,0.38,69.82,0
5,20,0.08,59.46,0.57,69.82,0
5,21,0.08,59.46,0.50,69.82,0
5,22,0.08,59.46,0.74,69.82,0
5,23,0.08,59.46,0.89,69.82,0
5,24,0.08,59.46,1.13,69.82,0
5,25,0.08,59.46,1.24,69.82,0
5,26,0.08,59.46,1.57,69.82,0
5,27,0.08,59.46,2.22,69.82,0
5,28,0.08,59.46,2.52,69.82,0
5,29,0.08,59.46,3.23,69.82,0
5,30,0.08,59.46,4.03,69.82,0
5,31,0.08,59.46,4.99,69.82,0
5,32,0.08,59.46,5.59,69.82,0
4,5,0.09,59.46,0.14,69.81,0
4,6,0.09,59.46,0.16,69.81,0
4,7,0.09,59.46,0.17,69.81,0
4,8,0.09,59.46,0.09,69.81,0
4,9,0.09,59.46,0.16,69.81,0
4,10,0.09,59.46,0.13,69.81,0
4,11,0.09,59.46,0.16,69.81,0
4,12,0.09,59.46,0.14,69.81,0
4,13,0.09,59.46,0.23,69.81,0
4,14,0.09,59.46,0.25,69.81,0
4,15,0.09,59.46,0.26,69.81,0
4,16,0.09,59.46,0.24,69.81,0
4,17,0.09,59.46,0.30,69.81,0
4,18,0.09,59.46,0.30,69.81,0
4,19,0.09,59.46,0.39,69.81,0
4,20,0.09,59.46,0.31,69.81,0
4,21,0.09,59.46,0.51,69.81,0
4,22,0.09,59.46,0.73,69.81,0
4,23,0.09,59.46,0.71,69.81,0
4,24,0.09,59.46,0.94,69.81,0
4,25,0.09,59.46,1.32,69.81,0
4,26,0.09,59.46,1.58,69.81,0
4,27,0.09,59.46,2.07,69.81,0
4,28,0.09,59.46,2.63,69.81,0
4,29,0.09,59.46,3.72,69.81,0
4,30,0.09,59.46,4.37,69.81,0
4,31,0.09,59.46,5.59,69.81,0
4,32,0.09,59.46,6.70,69.81,0
6,5,0.08,59.46,0.10,69.82,0
6,6,0.08,59.46,0.14,69.82,0
6,7,0.08,59.46,0.12,69.82,0
6,8,0.08,59.46,0.16,69.82,0
6,9,0.08,59.46,0.27,69.82,0
6,10,0.08,59.46,0.35,69.82,0
6,11,0.08,59.46,0.44,69.82,0
6,12,0.08,59.46,0.44,69.82,0
6,13,0.08,59.46,0.32,69.82,0
6,14,0.08,59.46,0.46,69.82,0
6,15,0.08,59.46,0.70,69.82,0
6,16,0.08,59.46,1.16,69.82,0
6,17,0.08,59.46,1.29,69.82,0
6,18,0.08,59.46,1.64,69.82,0
6,19,0.08,59.46,2.33,69.82,0
6,20,0.08,59.46,3.49,69.82,0
6,21,0.08,59.46,5.16,69.82,0
6,22,0.08,59.46,7.15,69.82,0
6,23,0.08,59.46,9.61,69.82,0
6,24,0.08,59.46,12.70,69.82,0
6,25,0.08,59.46,17.54,69.82,0
6,26,0.08,59.46,24.25,69.82,0
6,27,0.08,59.46,35.53,69.82,0
6,28,0.08,59.46,47.14,69.83,0
6,29,0.08,59.46,72.82,69.83,0
6,30,0.08,59.46,84.25,69.84,0
6,31,0.08,59.46,113.05,69.84,0
6,32,0.08,59.46,145.25,69.84,0
7,5,0.06,59.46,0.09,69.76,0
7,6,0.06,59.46,0.21,69.76,0
7,7,0.06,59.46,0.23,69.76,0
7,8,0.06,59.46,0.30,69.76,0
7,9,0.06,59.46,0.21,69.76,0
7,10,0.06,59.46,0.48,69.76,0
7,11,0.06,59.46,0.43,69.76,0
7,12,0.06,59.46,0.27,69.76,0
7,13,0.06,59.46,0.39,69.76,0
7,14,0.06,59.46,0.74,69.76,0
7,15,0.06,59.46,1.07,69.76,0
7,16,0.06,59.46,1.30,69.76,0
7,17,0.06,59.46,1.85,69.76,0
7,18,0.06,59.46,2.72,69.76,0
7,19,0.06,59.46,3.66,69.76,0
7,20,0.06,59.46,5.06,69.76,0
7,21,0.06,59.46,7.36,69.76,0
7,22,0.06,59.46,10.29,69.76,0
7,23,0.06,59.46,13.38,69.76,0
7,24,0.06,59.46,18.32,69.76,0
7,25,0.06,59.46,22.89,69.76,0
7,26,0.06,59.46,35.58,69.77,0
7,27,0.06,59.46,48.37,69.77,0
7,28,0.06,59.46,78.10,69.78,0
7,29,0.06,59.46,82.90,69.79,0
7,30,0.06,59.46,109.96,69.79,0
7,31,0.06,59.46,146.80,69.79,0
7,32,0.06,59.46,223.99,69.79,0
8,5,0.10,59.46,0.15,69.84,9
8,6,0.10,59.46,0.23,69.84,9
8,7,0.10,59.46,0.21,69.84,9
8,8,0.10,59.46,0.29,69.84,9
8,9,0.10,59.46,0.58,69.84,9
8,10,0.10,59.46,0.25,69.84,9
8,11,0.10,59.46,0.34,69.84,9
8,12,0.10,59.46,0.47,69.84,9
8,13,0.10,59.46,0.71,69.84,9
8,14,0.10,59.46,1.06,69.84,9
8,15,0.10,59.46,1.46,69.84,9
8,16,0.10,59.46,2.22,69.84,9
8,17,0.10,59.46,3.03,69.84,9
8,18,0.10,59.46,4.34,69.84,9
8,19,0.10,59.46,6.76,69.84,9
8,20,0.10,59.46,9.74,69.84,9
8,21,0.10,59.46,12.98,69.84,9
8,22,0.10,59.46,17.80,69.84,9
8,23,0.10,59.46,24.83,69.85,9
8,24,0.10,59.46,38.95,69.86,9
8,25,0.10,59.46,54.31,69.86,9
8,26,0.10,59.46,88.89,69.86,9
8,27,0.10,59.46,100.61,69.86,9
8,28,0.10,59.46,132.59,69.86,9
8,29,0.10,59.46,184.07,69.86,9
8,30,0.10,59.46,313.37,69.86,9
8,31,0.10,59.46,370.44,69.86,9
8,32,0.10,59.46,442.10,69.86,9
8,5,0.10,59.46,0.13,69.83,8
8,6,0.10,59.46,0.15,69.83,8
8,7,0.10,59.46,0.22,69.83,8
8,8,0.10,59.46,0.19,69.83,8
8,9,0.10,59.46,0.34,69.83,8
8,10,0.10,59.46,0.26,69.83,8
8,11,0.10,59.46,0.28,69.83,8
8,12,0.10,59.46,0.41,69.83,8
8,13,0.10,59.46,0.56,69.83,8
8,14,0.10,59.46,0.83,69.83,8
8,15,0.10,59.46,1.36,69.83,8
8,16,0.10,59.46,1.70,69.83,8
8,17,0.10,59.46,2.73,69.83,8
8,18,0.10,59.46,3.97,69.83,8
8,19,0.10,59.46,5.83,69.83,8
8,20,0.10,59.46,8.66,69.84,8
8,21,0.10,59.46,12.92,69.84,8
8,22,0.10,59.46,18.06,69.84,8
8,23,0.10,59.46,27.05,69.86,8
8,24,0.10,59.46,43.95,69.86,8
8,25,0.10,59.46,60.86,69.86,8
8,26,0.10,59.46,98.61,69.86,8
8,27,0.10,59.46,121.11,69.86,8
8,28,0.10,59.46,171.52,69.86,8
8,29,0.10,59.46,284.14,69.86,8
8,30,0.10,59.46,373.48,69.86,8
8,31,0.10,59.46,470.11,69.86,8
8,32,0.10,59.46,633.42,69.87,8
7,5,0.07,59.46,0.16,69.83,1
7,6,0.07,59.46,0.24,69.83,1
7,7,0.07,59.46,0.23,69.83,1
7,8,0.07,59.46,0.33,69.83,1
7,9,0.07,59.46,0.25,69.83,1
7,10,0.07,59.46,0.33,69.83,1
7,11,0.07,59.46,0.50,69.83,1
7,12,0.07,59.46,0.68,69.83,1
7,13,0.07,59.46,0.89,69.83,1
7,14,0.07,59.46,1.31,69.83,1
7,15,0.07,59.46,1.88,69.83,1
7,16,0.07,59.46,2.82,69.83,1
7,17,0.07,59.46,4.34,69.83,1
7,18,0.07,59.46,7.13,69.83,1
7,19,0.07,59.46,8.85,69.83,1
7,20,0.07,59.46,14.15,69.83,1
7,21,0.07,59.46,19.11,69.83,1
7,22,0.07,59.46,27.58,69.84,1
7,23,0.07,59.46,43.95,69.84,1
7,24,0.07,59.46,60.26,69.85,1
7,25,0.07,59.46,98.85,69.85,1
7,26,0.07,59.46,118.07,69.86,1
7,27,0.07,59.46,166.58,69.86,1
7,28,0.07,59.46,263.45,69.86,1
7,29,0.07,59.46,351.27,69.86,1
7,30,0.07,59.46,440.09,69.86,1
7,31,0.07,59.46,581.09,69.86,1
7,32,0.07,59.46,757.60,69.91,1
6,5,0.09,59.46,0.09,69.82,1
6,6,0.09,59.46,0.17,69.82,1
6,7,0.09,59.46,0.20,69.82,1
6,8,0.09,59.46,0.27,69.82,1
6,9,0.09,59.46,0.42,69.82,1
6,10,0.09,59.46,0.26,69.82,1
6,11,0.09,59.46,0.31,69.82,1
6,12,0.09,59.46,0.59,69.82,1
6,13,0.09,59.46,0.65,69.82,1
6,14,0.09,59.46,0.75,69.82,1
6,15,0.09,59.46,1.65,69.82,1
6,16,0.09,59.46,2.42,69.82,1
6,17,0.09,59.46,3.30,69.82,1
6,18,0.09,59.46,4.83,69.82,1
6,19,0.09,59.46,7.39,69.82,1
6,20,0.09,59.46,11.30,69.82,1
6,21,0.09,59.46,15.41,69.82,1
6,22,0.09,59.46,23.21,69.82,1
6,23,0.09,59.46,36.43,69.82,1
6,24,0.09,59.46,50.09,69.82,1
6,25,0.09,59.46,85.02,69.83,1
6,26,0.09,59.46,106.65,69.84,1
6,27,0.09,59.46,149.59,69.84,1
6,28,0.09,59.46,215.56,69.84,1
6,29,0.09,59.46,353.01,69.84,1
6,30,0.09,59.46,470.98,69.84,1
6,31,0.09,59.46,645.78,69.84,1
6,32,0.09,59.46,951.38,69.93,1
