Braid_Length,Degree,Sign_Assignment_Time,Sign_Assignment_Memory,Computation_Time,Computation_Memory,Knot_Index
3,5,2.62,98.17,1.23,100.58,0
3,6,2.62,98.17,1.21,100.67,0
3,7,2.62,98.17,1.22,100.69,0
3,8,2.62,98.17,1.21,100.69,0
3,9,2.62,98.17,1.21,100.69,0
3,10,2.62,98.17,1.21,100.69,0
3,11,2.62,98.17,1.21,100.69,0
3,12,2.62,98.17,1.21,100.69,0
3,13,2.62,98.17,1.21,100.70,0
3,14,2.62,98.17,1.21,100.70,0
3,15,2.62,98.17,1.21,100.70,0
3,16,2.62,98.17,1.21,100.70,0
3,17,2.62,98.17,1.21,100.70,0
3,18,2.62,98.17,1.22,100.72,0
3,19,2.62,98.17,1.21,100.72,0
3,20,2.62,98.17,1.22,100.72,0
3,21,2.62,98.17,1.22,100.72,0
3,22,2.62,98.17,1.22,100.72,0
3,23,2.62,98.17,1.22,100.72,0
3,24,2.62,98.17,1.22,100.73,0
3,25,2.62,98.17,1.22,100.73,0
4,5,2.63,100.73,1.22,100.77,0
4,6,2.63,100.73,1.21,100.77,0
4,7,2.63,100.73,1.22,100.78,0
4,8,2.63,100.73,1.22,100.80,0
4,9,2.63,100.73,1.22,100.80,0
4,10,2.63,100.73,1.24,100.80,0
4,11,2.63,100.73,1.40,100.80,0
4,12,2.63,100.73,1.34,80.66,0
4,13,2.63,100.73,1.29,79.03,0
4,14,2.63,100.73,1.29,78.92,0
4,15,2.63,100.73,0.89,78.92,0
4,16,2.63,100.73,0.92,78.92,0
4,17,2.63,100.73,0.95,78.92,0
4,18,2.63,100.73,0.95,78.92,0
4,19,2.63,100.73,1.00,78.94,0
4,20,2.63,100.73,1.03,78.94,0
4,21,2.63,100.73,1.10,78.94,0
4,22,2.63,100.73,1.18,78.94,0
4,23,2.63,100.73,0.66,78.94,0
4,24,2.63,100.73,0.77,79.50,0
4,25,2.63,100.73,0.87,79.56,0
5,5,2.90,79.38,1.60,79.62,0
5,6,2.90,79.38,1.36,30.83,0
5,7,2.90,79.38,1.22,30.72,0
5,8,2.90,79.38,1.29,30.97,0
5,9,2.90,79.38,1.29,30.86,0
5,10,2.90,79.38,1.26,30.86,0
5,11,2.90,79.38,1.28,30.86,0
5,12,2.90,79.38,1.24,30.89,0
5,13,2.90,79.38,0.90,31.17,0
5,14,2.90,79.38,0.99,31.17,0
5,15,2.90,79.38,0.90,30.77,0
5,16,2.90,79.38,0.91,30.78,0
5,17,2.90,79.38,0.92,30.78,0
5,18,2.90,79.38,0.94,30.78,0
5,19,2.90,79.38,0.98,30.80,0
5,20,2.90,79.38,1.03,30.80,0
5,21,2.90,79.38,1.10,30.80,0
5,22,2.90,79.38,1.16,30.81,0
5,23,2.90,79.38,0.66,30.83,0
5,24,2.90,79.38,0.70,30.83,0
5,25,2.90,79.38,0.76,30.83,0
6,5,2.63,31.48,1.23,31.64,0
6,6,2.63,31.48,1.23,31.64,0
6,7,2.63,31.48,1.24,31.66,0
6,8,2.63,31.48,1.24,31.67,0
6,9,2.63,31.48,1.24,31.72,0
6,10,2.63,31.48,0.90,31.72,0
6,11,2.63,31.48,0.89,31.72,0
6,12,2.63,31.48,0.92,31.72,0
6,13,2.63,31.48,0.96,31.72,0
6,14,2.63,31.48,1.02,31.72,0
6,15,2.63,31.48,1.11,31.77,0
6,16,2.63,31.48,0.65,31.77,0
6,17,2.63,31.48,0.74,31.77,0
6,18,2.63,31.48,0.87,31.77,0
6,19,2.63,31.48,1.07,31.78,0
6,20,2.63,31.48,1.36,31.78,0
6,21,2.63,31.48,1.77,31.80,0
6,22,2.63,31.48,2.34,31.81,0
6,23,2.63,31.48,3.18,31.81,0
6,24,2.63,31.48,4.30,31.83,0
6,25,2.63,31.48,5.78,31.83,0
7,5,2.64,31.86,1.24,32.19,1
7,6,2.64,31.86,1.24,32.22,1
7,7,2.64,31.86,1.26,32.25,1
7,8,2.64,31.86,0.89,32.25,1
7,9,2.64,31.86,0.92,32.27,1
7,10,2.64,31.86,0.95,32.28,1
7,11,2.64,31.86,1.02,32.28,1
7,12,2.64,31.86,1.10,32.30,1
7,13,2.64,31.86,0.64,32.30,1
7,14,2.64,31.86,0.75,32.31,1
7,15,2.64,31.86,0.93,32.31,1
7,16,2.64,31.86,1.20,32.36,1
7,17,2.64,31.86,1.72,32.36,1
7,18,2.64,31.86,2.17,32.03,1
7,19,2.64,31.86,3.03,32.03,1
7,20,2.64,31.86,4.26,32.03,1
7,21,2.64,31.86,6.09,32.03,1
7,22,2.64,31.86,8.79,32.05,1
7,23,2.64,31.86,12.70,32.05,1
7,24,2.64,31.86,17.94,28.77,1
7,25,2.64,31.86,25.26,28.95,1
8,5,2.86,24.36,1.24,29.52,9
8,6,2.86,24.36,1.28,29.55,9
8,7,2.86,24.36,1.26,30.28,9
8,8,2.86,24.36,0.90,30.30,9
8,9,2.86,24.36,0.90,30.33,9
8,10,2.86,24.36,0.94,30.33,9
8,11,2.86,24.36,0.99,30.36,9
8,12,2.86,24.36,1.06,30.75,9
8,13,2.86,24.36,1.18,30.75,9
8,14,2.86,24.36,0.69,30.75,9
8,15,2.86,24.36,0.80,30.77,9
8,16,2.86,24.36,0.98,30.81,9
8,17,2.86,24.36,1.23,30.81,9
8,18,2.86,24.36,1.60,30.83,9
8,19,2.86,24.36,2.10,30.83,9
8,20,2.86,24.36,2.83,30.83,9
8,21,2.86,24.36,3.84,30.83,9
8,22,2.86,24.36,5.28,30.83,9
8,23,2.86,24.36,7.25,30.83,9
8,24,2.86,24.36,10.09,30.86,9
8,25,2.86,24.36,13.75,30.88,9
9,5,2.65,30.88,1.26,38.23,8
9,6,2.65,30.88,0.89,40.33,8
9,7,2.65,30.88,0.91,40.50,8
9,8,2.65,30.88,0.96,41.17,8
9,9,2.65,30.88,1.07,42.34,8
9,10,2.65,30.88,0.65,42.58,8
9,11,2.65,30.88,0.81,42.62,8
9,12,2.65,30.88,1.10,42.62,8
9,13,2.65,30.88,1.60,43.02,8
9,14,2.65,30.88,2.44,43.08,8
9,15,2.65,30.88,3.83,43.09,8
9,16,2.65,30.88,6.15,43.19,8
9,17,2.65,30.88,9.86,43.20,8
9,18,2.65,30.88,15.92,43.27,8
9,19,2.65,30.88,25.52,43.28,8
9,20,2.65,30.88,40.45,43.28,8
9,21,2.65,30.88,64.17,43.36,8
9,22,2.65,30.88,101.45,43.47,8
9,23,2.65,30.88,156.61,43.73,8
9,24,2.65,30.88,243.45,43.81,8
9,25,2.65,30.88,901.72,43.84,8
10,5,2.94,13.92,0.91,35.94,8
10,6,2.94,13.92,0.91,36.38,8
10,7,2.94,13.92,0.95,38.50,8
10,8,2.94,13.92,1.03,38.70,8
10,9,2.94,13.92,1.20,38.70,8
10,10,2.94,13.92,0.79,38.73,8
10,11,2.94,13.92,1.03,38.86,8
10,12,2.94,13.92,1.50,38.91,8
10,13,2.94,13.92,2.28,39.75,8
10,14,2.94,13.92,3.65,39.75,8
10,15,2.94,13.92,5.83,39.81,8
10,16,2.94,13.92,9.49,39.83,8
10,17,2.94,13.92,15.52,39.98,8
10,18,2.94,13.92,24.93,40.00,8
10,19,2.94,13.92,40.20,38.69,8
10,20,2.94,13.92,64.85,38.69,8
10,21,2.94,13.92,102.63,38.72,8
10,22,2.94,13.92,160.91,38.45,8
10,23,2.94,13.92,250.84,38.73,8
10,24,2.94,13.92,387.03,33.98,8
10,25,2.94,13.92,591.20,32.55,8
11,5,2.87,33.41,0.91,36.38,33
11,6,2.87,33.41,0.93,38.58,33
11,7,2.87,33.41,1.02,39.11,33
11,8,2.87,33.41,0.65,39.09,33
11,9,2.87,33.41,0.91,39.11,33
11,10,2.87,33.41,1.56,39.42,33
11,11,2.87,33.41,2.94,39.62,33
11,12,2.87,33.41,5.93,39.73,33
11,13,2.87,33.41,11.66,39.00,33
11,14,2.87,33.41,22.92,38.98,33
11,15,2.87,33.41,44.58,39.06,33
11,16,2.87,33.41,84.73,39.16,33
11,17,2.87,33.41,157.81,39.17,33
11,18,2.87,33.41,286.89,39.44,33
11,19,2.87,33.41,517.09,39.56,33
11,20,2.87,33.41,921.55,36.56,33
11,21,2.87,33.41,4540.30,31.73,33
11,22,2.87,33.41,2895.58,34.66,33
11,23,2.87,33.41,4813.65,32.86,33
11,24,2.87,33.41,8118.61,37.47,33
11,25,2.87,33.41,13497.32,36.69,33
12,5,3.99,19.23,0.95,38.12,210
12,6,3.99,19.23,0.90,40.44,210
12,7,3.99,19.23,0.96,41.03,210
12,8,3.99,19.23,1.13,41.28,210
12,9,3.99,19.23,0.82,41.58,210
12,10,3.99,19.23,1.42,42.34,210
12,11,3.99,19.23,2.89,42.59,210
12,12,3.99,19.23,6.24,42.64,210
12,13,3.99,19.23,13.62,42.86,210
12,14,3.99,19.23,29.21,43.05,210
12,15,3.99,19.23,61.62,43.11,210
12,16,3.99,19.23,124.83,43.11,210
12,17,3.99,19.23,250.71,43.12,210
12,18,3.99,19.23,488.78,43.31,210
12,19,3.99,19.23,923.71,40.45,210
12,20,3.99,19.23,1746.76,34.31,210
12,21,3.99,19.23,3179.62,34.22,210
12,22,3.99,19.23,5800.59,34.19,210
12,23,3.99,19.23,10345.25,36.33,210
12,24,3.99,19.23,18010.17,36.97,210
12,25,3.99,19.23,32290.37,46.08,210
